   1.7535077e-01   4.3422454e-02   4.9459959e-02
   1.9210073e-01   3.8318759e-02   6.0365638e-02
   2.0942789e-01   3.4335464e-02   7.5508466e-02
   2.2626557e-01   3.1068950e-02   9.4222892e-02
   2.4200911e-01   2.8575380e-02   1.1621714e-01
   2.5616008e-01   2.6999412e-02   1.4120956e-01
   2.6828546e-01   2.6518413e-02   1.6888182e-01
   2.7800978e-01   2.7320312e-02   1.9886707e-01
   2.8501569e-01   2.9590995e-02   2.3074876e-01
   2.8904732e-01   3.3505542e-02   2.6406414e-01
   2.8991402e-01   3.9221435e-02   2.9831055e-01
   2.8749388e-01   4.6873038e-02   3.3295339e-01
   2.8173633e-01   5.6567048e-02   3.6743533e-01
   2.7266375e-01   6.8378802e-02   4.0118630e-01
   2.6037186e-01   8.2349395e-02   4.3363410e-01
   2.4502884e-01   9.8483584e-02   4.6421520e-01
   2.2687311e-01   1.1674849e-01   4.9238561e-01
   2.0620985e-01   1.3707310e-01   5.1763157e-01
   1.8340625e-01   1.5934851e-01   5.3947978e-01
   1.5888558e-01   1.8342897e-01   5.5750706e-01
   1.3312017e-01   2.0913368e-01   5.7134915e-01
   1.0662341e-01   2.3624925e-01   5.8070858e-01
   7.9940960e-02   2.6453281e-01   5.8536139e-01
   5.3641192e-02   2.9371583e-01   5.8516259e-01
   2.8305213e-02   3.2350827e-01   5.8005019e-01
   4.5164847e-03   3.5360342e-01   5.7004788e-01
   0.0000000e+00   3.8368290e-01   5.5526608e-01
   0.0000000e+00   4.1342210e-01   5.3590153e-01
   0.0000000e+00   4.4249569e-01   5.1223521e-01
   0.0000000e+00   4.7058330e-01   4.8462889e-01
   0.0000000e+00   4.9737511e-01   4.5352004e-01
   0.0000000e+00   5.2257739e-01   4.1941545e-01
   0.0000000e+00   5.4591777e-01   3.8288348e-01
   0.0000000e+00   5.6715023e-01   3.4454516e-01
   0.0000000e+00   5.8605967e-01   3.0506430e-01
   0.0000000e+00   6.0246596e-01   2.6513666e-01
   0.0000000e+00   6.1622751e-01   2.2547851e-01
   1.1732191e-02   6.2724411e-01   1.8681469e-01
   4.4656466e-02   6.3545912e-01   1.4986640e-01
   8.2475189e-02   6.4086095e-01   1.1533888e-01
   1.2486822e-01   6.4348374e-01   8.3909314e-02
   1.7144048e-01   6.4340724e-01   5.6215072e-02
   2.2172784e-01   6.4075595e-01   3.2842493e-02
   2.7520417e-01   6.3569742e-01   1.4316490e-02
   3.3128961e-01   6.2843982e-01   1.0911057e-03
   3.8935986e-01   6.1922876e-01   0.0000000e+00
   4.4875622e-01   6.0834348e-01   0.0000000e+00
   5.0879652e-01   5.9609236e-01   0.0000000e+00
   5.6878635e-01   5.8280789e-01   7.3683263e-03
   6.2803073e-01   5.6884125e-01   2.4470966e-02
   6.8584590e-01   5.5455640e-01   4.7742718e-02
   7.4157095e-01   5.4032399e-01   7.6989666e-02
   7.9457923e-01   5.2651508e-01   1.1192270e-01
   8.4428920e-01   5.1349473e-01   1.5216190e-01
   8.9017466e-01   5.0161574e-01   1.9724263e-01
   9.3177406e-01   4.9121247e-01   2.4662305e-01
   9.6869872e-01   4.8259495e-01   2.9969314e-01
   1.0000000e+00   4.7604341e-01   3.5578504e-01
   1.0000000e+00   4.7180318e-01   4.1418437e-01
   1.0000000e+00   4.7008030e-01   4.7414266e-01
   1.0000000e+00   4.7103767e-01   5.3489033e-01
   1.0000000e+00   4.7479197e-01   5.9565035e-01
   1.0000000e+00   4.8141139e-01   6.5565199e-01
   1.0000000e+00   4.9091419e-01   7.1414479e-01
   1.0000000e+00   5.0326814e-01   7.7041214e-01
   1.0000000e+00   5.1839087e-01   8.2378454e-01
   1.0000000e+00   5.3615113e-01   8.7365207e-01
   1.0000000e+00   5.5637095e-01   9.1947598e-01
   1.0000000e+00   5.7882866e-01   9.6079914e-01
   1.0000000e+00   6.0326282e-01   9.9725505e-01
   9.8356250e-01   6.2937682e-01   1.0000000e+00
   9.6202723e-01   6.5684428e-01   1.0000000e+00
   9.4064029e-01   6.8531503e-01   1.0000000e+00
   9.2010282e-01   7.1442168e-01   1.0000000e+00
   9.0109587e-01   7.4378654e-01   1.0000000e+00
   8.8426673e-01   7.7302890e-01   1.0000000e+00
   8.7021582e-01   8.0177250e-01   1.0000000e+00
   8.5948408e-01   8.2965303e-01   1.0000000e+00
   8.5254128e-01   8.5632556e-01   1.0000000e+00
   8.4977543e-01   8.8147179e-01   1.0000000e+00
   8.5148349e-01   9.0480691e-01   1.0000000e+00
   8.5786353e-01   9.2608602e-01   1.0000000e+00
   8.6900864e-01   9.4510994e-01   1.0000000e+00
   8.8490264e-01   9.6173031e-01   1.0000000e+00
   9.0541769e-01   9.7585382e-01   1.0000000e+00
   9.3031399e-01   9.8744562e-01   1.0000000e+00
   9.5924156e-01   9.9653157e-01   1.0000000e+00
   9.9174412e-01   1.0000000e+00   1.0000000e+00
